100
100
833179 511408 705669 69571 217565 534769 873274 378312 961287 506005 17510 367009 159068 298195 453983 107158 242712 630840 879394 740110 437321 114056 381675 537237 663422 774896 204434 578779 977233 555139 279719 498906 78894 661536 244625 960261 208651 130246 27067 182284 312399 44577 225441 471467 18920 355573 254774 261632 662561 146514 677891 112228 924373 71912 649466 600141 522956 530048 191266 188683 97533 470985 687590 176427 808670 608363 812836 29667 414757 839903 875754 403305 560628 113541 874772 579549 145262 805694 517329 807824 628357 871368 920052 565076 943280 258012 841365 478583 788060 44977 667266 885594 192110 43350 738169 13126 327862 563352 706596 742619 
100
91749 270844 158270 652378 60533 709191 908075 205796 203379 113898 25966 507884 985267 622166 749108 617041 880179 602819 771772 680585 323944 127533 254673 516055 170883 5189 205329 174893 244689 588073 593661 12586 858917 428079 341112 919451 813418 261533 801395 29144 51580 827361 213176 49193 138021 962285 666234 30546 577450 450353 387280 901395 254034 318101 105944 101065 987092 975075 275959 244127 575495 869620 920516 122906 310045 273974 54703 799612 535508 532246 828756 263236 48101 54278 312429 186123 692711 654811 216669 282508 781312 280097 860051 47692 598199 642143 148758 597637 629564 424717 517913 217405 970485 450775 16460 956678 724749 71163 768636 936405 
100
603410 285886 211987 651511 16313 200564 513782 709024 855376 406600 667680 325182 686697 216225 372875 961044 858368 197781 247176 500279 298646 765089 393832 281477 892012 410292 914303 305255 157604 371434 254007 437162 333468 142142 764821 25929 18855 290950 734954 550379 697550 91128 875561 72741 307354 924584 46132 841870 134711 293308 354495 433357 734545 424476 390982 638903 834768 981434 944158 668520 365214 874313 118028 374830 692604 558998 400760 711459 849948 811862 937986 235992 902990 825893 308733 886492 762824 31013 740709 573683 324321 771352 19387 735014 208174 86517 386263 55289 80297 18916 399957 121659 569377 517986 496490 274327 89330 573398 661934 615426 
100
397606 612266 851418 312942 126654 836299 875583 565626 867313 628638 151655 867782 412336 834844 291291 620511 921362 353702 351948 677807 372618 751905 475615 618144 946039 648253 568619 711517 233997 242900 339289 631603 531314 866855 620693 334116 391649 508622 899742 935110 813408 727546 491386 238091 574736 782677 534750 184592 148726 886698 862400 197492 327097 350361 815636 949285 10960 396602 673148 908759 315650 688586 552708 523112 243935 849549 857229 635584 370518 445465 583040 860074 185357 750575 110511 760094 545598 321409 944686 694324 884255 495580 891817 223699 522089 395947 185330 209197 468697 534626 130302 784347 235558 359158 983608 155642 221054 853183 791226 267720 
100
974796 62761 140140 172500 813336 914454 608742 371280 248209 241922 741753 144811 737503 322064 44658 271938 394159 893790 481136 862857 440762 287586 659550 352469 646745 655504 508111 867799 197181 975485 811667 184324 50592 951807 32972 540076 554755 641714 587505 802965 883636 341604 623924 309633 339816 668582 257720 733975 574718 415004 609178 691628 702590 944877 56443 361681 288875 564554 905628 486057 552386 729641 346529 279126 369943 55649 819203 924698 697363 419054 416157 269493 436806 52427 579127 776622 397157 512995 199091 971875 927999 808270 675850 642935 441641 408441 680765 730516 972996 598739 892721 213876 16875 251596 493002 62966 307245 699 663812 680756 
100
419753 92316 950250 532707 808545 217871 321675 218049 730866 520767 866072 671211 17531 554268 2640 459172 962710 683405 202034 624200 958293 107102 838076 651316 34846 19572 714282 18240 20272 390440 375144 116173 158904 13888 648881 967450 231759 646704 861647 638773 843619 740065 986132 537298 970482 664921 8816 621686 360672 874653 922034 7459 657903 448604 658775 368897 468176 61551 63285 164596 128140 438430 944572 287044 452318 605799 930642 360226 928651 804635 675147 460765 233195 673626 10409 879825 350893 19226 513857 387713 570027 448237 395173 240276 896841 730096 285321 53511 467796 348607 218108 595936 787037 175026 559128 915503 456973 502117 288075 74118 
100
982900 963223 534883 892243 325343 545293 784414 352384 240667 974419 740097 810694 111150 811418 727118 684139 230009 688587 737651 697805 49540 631907 969889 512725 483081 541363 116723 616202 719628 404798 690320 714875 56515 237550 295612 58006 458991 92373 410390 699658 742940 826636 198846 854091 650400 602112 550576 556557 303045 964375 266708 28734 608628 248943 217607 767857 466455 334330 396405 198429 415277 762874 913304 147940 676572 885065 205947 147909 977438 292485 523715 408872 131467 398709 275309 458016 676969 825886 26919 656162 478755 957430 684896 99730 882521 902504 543735 361322 912982 940141 559752 340605 715361 161550 488546 80427 58961 694493 228336 712547 
100
986978 428199 133766 794594 826908 85223 264956 192371 587257 955677 848533 78359 925453 221924 178089 820321 800576 721824 857791 725904 350459 106037 78856 741968 267588 567402 822395 2697 938043 726879 391393 613515 167424 201307 420455 670480 286530 361559 862851 873788 329583 723731 952147 931184 945655 806384 439999 758577 216702 310137 172975 567162 416174 251831 985278 359910 495381 820020 38756 121918 235393 430149 735434 402818 631456 832037 85644 917986 869745 624644 480268 875476 36869 444761 819006 982524 263491 271352 429595 156342 257637 602570 723504 349959 530550 397276 709870 38277 893444 748626 160196 141184 854923 571778 544002 174873 92309 305794 105205 962054 
100
606586 585474 849876 643455 706383 357377 638325 646023 628729 744068 802365 886366 358985 214363 248671 889535 611639 634689 603960 517430 71809 440304 658614 602880 688230 878764 777753 780540 860706 882959 431088 479639 156927 957113 135440 863310 326836 449914 197827 631713 206328 12538 206573 241461 226901 131392 807144 838541 442230 423451 44465 514039 863755 703079 129266 564332 270337 583167 33366 143389 478472 140602 623028 311547 110061 758469 851006 113045 220729 61179 744758 103205 73718 627479 344667 964421 758872 164157 815308 213448 587608 859773 403635 139858 251346 209049 380338 521683 792217 89852 665073 946837 230454 964249 934533 340516 735064 797885 129709 631941 
100
535212 550616 735147 285078 190441 755962 261846 625461 920119 89500 515057 196222 625422 918693 12228 552916 803890 392566 86946 284601 482418 428167 243785 712872 404762 854466 729536 815975 664697 859246 136410 876057 422208 547705 173482 288797 316013 435328 914259 912281 200976 441662 120849 502546 48849 133077 67809 528888 201791 818557 813489 360357 259070 733422 85575 339980 600234 491260 832103 941079 39000 968514 829483 137356 528565 15311 426153 520727 450639 28906 445354 327763 146717 566203 830310 195566 375428 898119 400602 253367 729022 226438 613724 664240 636008 699299 680368 248589 866707 524818 202014 905707 181826 707645 55409 386539 722956 157711 907266 849743 
100
186617 364966 189853 333334 607317 696311 205049 658893 606776 605651 912260 24292 508237 538330 364680 156592 913778 721196 81329 792831 258360 283343 387033 116334 667137 118590 502874 402439 276301 422486 928331 139067 463601 794332 472401 83264 502989 677450 418306 122111 959250 342912 810205 479833 881243 187231 636425 483515 584575 393902 288692 842936 353394 351873 635418 32877 470464 150638 111464 422913 249273 52141 561980 712874 846473 710530 472286 361808 76474 890592 160067 48070 909653 970272 527904 479390 833651 840477 962905 430573 246726 927745 949657 600120 291965 273569 309145 438577 424208 420609 861490 349629 472751 111965 74849 7718 822495 223283 369527 898969 
100
790024 205742 623188 712023 852163 163438 867561 374308 680063 842812 481029 602937 782903 119180 879205 87214 392750 200696 201939 816958 297454 75776 178933 770205 851543 917584 454071 686384 817015 499746 273847 619385 705489 897035 19902 569998 736621 887463 620454 105179 418769 113830 708116 214019 233010 275816 965035 625760 152660 179321 131212 450114 918899 310145 896467 782788 903877 362885 157666 733239 862631 107661 41118 256614 17043 724823 502760 429812 300780 135561 534991 719550 249391 919256 609717 158549 207418 587098 784310 36226 442567 915522 486341 373812 901816 71302 832748 818039 110335 666562 563624 972967 774224 280891 905729 467415 18060 420836 897227 318840 
100
556397 444565 50736 481936 376167 660453 640485 259733 923700 113289 295959 378613 41158 458448 428574 619122 529751 937470 449507 316234 616379 689280 301547 79097 970171 883425 546512 664379 316607 132233 983219 549152 576798 710104 707236 629113 59051 360067 888846 658899 149505 860954 713661 854465 331748 154581 485933 537647 104397 935440 853882 396924 313214 831577 152169 959533 727348 698681 636258 720103 830915 307972 281601 96207 30422 1183 725321 753275 37399 302661 100669 850706 175961 814330 717517 183858 968911 215796 721505 749456 827384 263881 822529 152945 771607 974698 124824 511301 361874 761083 907553 868937 745203 865302 965144 451773 542634 378959 217394 580033 
100
681621 318063 119233 857582 144739 836750 53786 789798 64892 451440 227749 568424 715321 62624 721369 499274 49668 522342 686724 87690 959573 606623 956627 717122 160419 934118 181241 703053 1571 74783 959234 683192 68995 90813 553121 213734 927563 283055 679681 668603 734495 907430 249374 138311 970054 646891 313733 695870 181579 676605 783561 817300 959376 428682 546768 132142 375146 404157 835195 52866 478941 806776 736058 547936 897589 965327 437818 513647 260729 793647 194596 671372 713423 120118 485831 371971 767010 799565 80188 624737 488516 539897 454384 460239 968579 677300 592381 32220 757606 439922 85086 248893 922846 821144 472977 832782 474966 586943 358775 735695 
100
392937 229519 95561 118706 25786 581393 490678 792796 393304 247014 106027 557968 786911 236559 30553 443984 590008 299082 476204 359960 415153 561290 285001 350345 70929 757978 195473 545895 357267 230396 957738 750204 136064 65645 868911 161850 323186 48083 630794 392638 295097 736821 950607 758156 649529 657308 214486 251883 632539 366839 287991 60038 928129 572992 410383 675206 343316 282005 897249 376731 188549 543481 803084 324613 285275 360489 486463 608461 408572 129603 13446 379817 542573 640201 150319 868250 309855 40953 796281 942394 407792 96618 678580 24416 669610 101310 375770 689074 59463 285366 741953 248012 828847 557383 572626 126468 917872 735237 411078 14938 
100
864841 424524 394755 95908 77071 221222 964158 63074 262176 772785 681617 669968 869403 372543 370532 227507 150001 746303 592729 209464 44015 23176 133625 549010 580560 706251 351627 186926 453834 762705 201865 7169 863377 596620 103077 616596 493991 79581 679670 756167 528514 49781 114629 86411 98473 161310 313918 248474 907613 582795 134087 627776 605972 267712 189132 862680 973963 216907 725754 116291 979612 927619 787263 531483 212734 890340 160425 706725 646070 516244 151386 850732 566025 929817 937144 664498 103473 263408 589121 23432 522352 723208 327356 804472 667068 192637 355646 329525 409544 93746 445816 77651 33712 245425 609134 910248 811914 769560 305467 146478 
100
298150 456853 9556 540323 75164 946700 217168 178638 886257 482437 865872 97103 881793 205575 901575 561207 398212 269567 890732 483904 39461 25042 561555 736975 270468 183036 659569 758530 952596 965036 581156 263092 110383 590712 803415 849350 225907 696731 704136 788312 855316 582354 885415 749455 464077 799336 323008 538437 745051 226086 34688 460660 251129 596243 209982 197745 779279 869551 632423 420369 523082 225925 359609 309613 492785 839173 835111 718692 548250 551593 519350 92061 810096 93259 841516 286519 568743 840673 501105 326140 742907 535793 786801 670184 808184 672931 867929 275958 230976 188846 696327 754058 90919 68283 739820 583705 907456 587277 978545 144200 
100
815019 186390 900063 637461 279649 753926 600128 848393 283093 113579 850681 38346 325520 325976 708531 146051 11253 264954 98157 242230 129949 470632 672436 220868 538915 100750 804573 134865 688028 795465 942868 515393 658003 531425 829002 937652 961499 441476 474539 256938 555056 337567 295285 880576 339691 679964 702775 350945 944918 800932 269323 87213 283911 941759 971884 498974 54856 788803 309988 419032 272762 929004 610573 930765 472775 451921 556912 446621 893397 43797 379707 136947 57512 674992 693672 397204 43450 408793 424297 664517 885874 693620 427878 845933 323873 412108 33401 54877 213258 343389 150057 162168 948541 760630 769082 109811 888699 14488 232580 470591 
100
722087 612287 607538 779600 963428 313556 852952 19224 398498 289595 683741 296718 659363 123966 154997 659384 536074 188398 714262 425480 207936 864319 263797 832625 313444 45225 942436 214489 723515 187362 361228 457948 799650 968767 913696 451572 958471 778994 470796 369315 744737 166884 342181 92594 954652 497178 751979 503072 361725 478587 604701 245809 31400 868498 90780 344844 589871 709365 235482 325732 572875 596710 783680 384871 253971 709723 512591 888591 177211 983388 270252 921949 826420 612434 26889 793418 785760 455016 972638 823633 933603 589685 81788 641152 146677 836371 985996 736548 558082 897626 738428 143303 182831 534455 204323 112950 920326 716914 13887 773685 
100
388796 284140 384128 227562 572722 87166 33326 370828 542182 18311 870610 164280 284144 952398 805432 430822 477263 479922 179716 711493 389895 918145 854797 248874 141094 735268 361824 737568 140676 51860 523599 529473 12148 583876 757035 584870 671042 466510 631846 225570 484821 190950 389850 768965 155695 207628 212133 309106 687551 67998 32946 753594 662291 563891 678616 803385 311505 716588 229447 128329 768448 429194 657802 780596 25416 103332 53960 696458 569842 361955 922029 67009 552905 373 512122 384748 208002 400404 693855 571701 468402 402949 13789 143039 966840 692405 622572 290691 421339 528167 419020 865936 957361 752971 335026 982778 856303 65135 691582 438491 
100
103238 302105 181648 332291 302479 693770 717040 186629 770322 99389 758330 251070 178486 772119 70257 157672 153018 368977 124511 574357 897144 219679 128787 866852 972650 463814 538124 517447 528949 242052 955938 632187 544158 813734 964478 522785 519851 370012 709414 966321 145549 480090 229738 324035 928357 963797 481707 93721 21269 282366 344226 918413 502046 473014 473759 487042 612976 24229 16836 154271 930084 648922 462606 162736 475003 439430 685521 671002 485591 407281 649669 307288 563519 555555 631324 504222 531699 789179 274091 229116 83892 618317 159875 585938 767479 309783 749128 392801 10160 765964 223220 940244 103381 685826 115326 578384 801405 800847 925534 963144 
100
884276 263697 282778 460141 819253 914102 964363 39446 391776 914602 268562 475668 221414 104585 737754 1239 90516 499228 70189 100677 941341 957211 717069 57068 655384 832396 311600 145283 321737 249480 120773 882162 513177 79699 354649 20924 6148 7507 60370 74072 922109 5080 549740 155869 773468 299840 820911 863984 799068 567248 964661 752755 536805 694077 485971 204535 214967 797571 25966 212852 723199 810541 107360 912525 890241 138158 933449 572537 145665 669968 646609 743922 351196 208695 899792 137010 184683 409197 13341 659899 976445 654150 425001 525596 36721 587120 406280 251688 397038 432246 140689 132583 918936 248049 57454 821523 62355 667052 406406 208020 
100
25514 65361 951943 376710 937858 540229 513721 134887 625574 203210 794786 614365 857360 895935 816109 894082 495402 234735 821918 568588 343130 962607 701171 938214 886805 434774 772083 949160 777974 854637 833329 803488 919998 473766 856346 546350 690143 382413 681237 328063 585623 164517 942428 131478 736601 447031 701708 244349 357915 535972 812937 377193 187074 202602 327753 86225 313524 112182 711533 767646 966819 233356 583480 575311 707122 452173 134007 409611 510734 491392 413822 772506 332057 44744 580132 81004 491776 294186 1501 849691 830158 490586 239230 29578 693189 566983 779605 682861 355313 179633 462854 10626 412989 722482 585937 796260 850803 396092 882019 373884 
100
887484 308188 822538 231887 29080 415016 976694 520856 709202 978195 59041 227854 481128 962073 921235 850465 217550 713186 221820 572863 568967 684674 583489 658105 95651 845574 142859 946454 254012 37224 8832 817644 21560 831370 61878 50641 922534 714720 247645 644082 705261 306687 548085 862537 944908 481666 401496 174805 871000 623317 423816 452314 984139 683454 122765 92136 541374 265624 714739 471535 966650 723571 301525 557 243436 39551 715000 842118 754271 638793 174695 148027 945480 722780 22910 578883 216792 424407 753688 100138 723872 853652 552452 720357 549452 351365 488642 766975 293137 215727 250856 272134 615446 228529 936493 535030 268081 339987 389495 698500 
100
978780 564190 846527 612755 299316 869438 203984 516108 969993 633820 292394 706211 499818 844847 115062 61617 872360 603704 504740 177844 495579 431744 126126 123372 660273 74965 334550 604502 91100 724045 315349 82226 964383 174222 694981 276045 719808 575113 468301 378295 221279 760696 760654 721098 294037 875717 458863 842545 491767 639751 32735 987347 83841 822663 786867 420262 573776 133763 37111 664876 857809 28608 423251 510686 866632 130578 786732 274935 381840 931181 653230 603119 380371 426231 12711 350556 314294 147722 205448 482209 463621 901985 158050 547462 736995 944917 643873 986919 754829 680984 664142 301132 385740 99739 811818 264718 894119 610896 215801 288305 
100
230572 869032 567573 287091 971411 256432 637648 961853 80303 519244 456408 543924 433575 290607 103733 846718 247870 423754 845984 15045 117084 198620 316177 178972 298359 140342 119838 868626 427386 335640 833080 334106 217018 412999 621198 864577 345579 934994 838776 425882 466584 971332 969807 576307 274285 749688 111520 198304 185788 633652 877151 966674 832272 869477 821794 806779 22165 941632 363899 125699 289618 209325 135954 182784 298472 757152 59707 644052 704492 574631 82280 847224 558310 728235 435877 508743 166417 547397 707047 28353 857197 596545 671175 701815 154516 505315 197088 840483 459294 560988 966182 748912 446461 778284 931697 744934 547782 667552 401332 928422 
100
254530 159760 464140 488988 564144 900018 10077 730561 135909 393273 758915 5453 665966 118584 383416 820482 623900 256653 673311 95540 493789 327987 520600 940250 118618 464643 697530 342548 808344 775010 947119 75220 934771 423605 564208 511261 12117 250433 917970 811829 319854 365379 493430 985820 483964 552994 818648 120210 809647 180453 879552 979584 508441 412498 932181 303207 877142 318205 645755 697832 105562 281368 449200 716481 704974 689556 240088 393239 616137 834206 217414 935992 211932 710844 934158 372044 276185 441301 492254 761980 297902 384152 753911 806343 796650 374586 785698 362286 692791 119948 736266 798353 401316 861614 203328 782438 563516 443416 188024 855802 
100
953771 405438 804140 841851 792431 750644 226241 744764 868093 394643 519090 178342 778795 285347 660833 263939 336081 458878 302374 41219 578826 714788 515720 980142 264897 719049 774927 504561 838613 639099 372709 804730 56883 189195 658927 525462 615988 561316 282572 496427 955959 801663 674769 423248 763158 24097 687188 111586 482975 665710 816607 74147 68992 344673 730437 333889 76068 193858 838451 590830 832957 223506 84054 565989 412702 742982 103797 704838 316644 386370 213611 948752 864181 564529 384346 315833 588626 747682 103567 83947 425738 920174 821896 494731 940996 240827 504768 693212 434686 355565 296388 279989 255220 380443 522126 667922 799573 625924 385106 792365 
100
688442 274865 753463 241117 839394 150156 233098 116514 897838 336666 864263 12071 932988 698505 182950 886330 615481 687718 591889 62513 55630 888277 18650 974652 944868 540777 331068 756787 842849 392322 561499 219785 667187 3456 137050 195076 153612 370148 311590 727599 706814 852002 739670 652149 239001 922620 226973 854482 622684 818862 916995 354462 395634 935646 341460 352848 164917 672528 785784 683914 77196 35777 903699 420532 39233 716897 615608 192846 99391 603346 920445 482354 467694 672461 810651 706696 283575 49970 573524 906259 868833 179014 936870 940615 790808 290676 305809 955725 639353 767741 651985 392697 803518 244178 813229 842752 961075 441183 711746 736614 
100
720678 320685 231314 200718 5492 54311 583562 952869 768084 169433 871474 649263 348447 496838 278372 151601 463663 260329 783474 115362 40417 123953 508059 843935 44279 333635 375181 681502 450966 99273 430462 183990 419958 661777 60857 101598 392236 644419 66813 172666 813852 614436 498077 838447 123620 776449 666196 263431 712927 138164 378793 753344 925919 563001 609625 970198 572784 660955 664046 36096 760228 770657 883889 192533 120928 944746 294131 513164 277659 37093 361979 767660 651529 536204 618453 451297 1148 960798 714729 714075 111308 769670 479765 713376 345017 765538 695920 593949 438839 48461 306194 211414 819118 202429 80095 940046 823323 50374 141704 113328 
100
751269 179831 880988 91292 716036 187936 542590 717184 161080 933467 443605 936190 391631 599518 338060 412797 377402 46327 19092 492390 758590 325286 379952 266202 203863 460047 218594 703334 186569 36446 816663 937839 216278 386145 41477 932314 574081 260215 337992 411309 869830 781597 35994 273808 393461 374054 686605 447011 96529 705697 615549 855119 707132 7847 133667 587143 144042 28409 302824 6760 64856 131833 944599 944936 517978 662224 565744 768208 922440 903736 855665 804616 697679 891659 90770 767288 941862 453523 890447 50737 835369 518343 582005 554847 202338 391820 154336 22529 420230 457160 29289 161234 265141 973888 782318 459268 648458 360408 903624 259392 
100
276490 771635 76355 974169 351789 830927 429951 305997 296797 8892 32882 808314 203383 614887 375507 405722 19054 205991 428251 115432 339300 457540 276666 280589 119922 71330 739857 768380 431738 331975 703921 384376 115957 780276 370891 143894 299697 476990 449891 272642 485882 158921 93302 689266 773809 144957 771136 469011 27097 875535 584443 366397 345421 537257 646986 465343 284735 75338 909871 716473 407313 626138 113195 199418 94908 160234 343312 70754 313372 469351 19544 475402 628273 112847 840816 90576 921606 624298 559587 948703 512179 820178 327446 533748 369781 650581 675239 654516 402067 273605 59483 485528 575891 836480 684947 346948 672862 704407 417702 662382 
100
849907 437246 150130 166674 226241 3293 921052 160194 303739 492985 121243 492067 1657 124838 38161 371438 775419 389549 702102 189832 663154 437733 351508 251391 286559 48801 274487 635569 429357 692189 310297 955412 805584 136575 798234 707973 139868 731632 868167 119756 236963 665559 611823 238620 790397 326132 286206 254310 715681 664456 120290 67329 114535 471798 982523 77242 196748 269356 712811 626105 961546 699256 270011 455624 835831 80591 175943 651848 812223 720259 771604 725334 398164 395773 640102 200907 721905 602456 455217 126081 279258 575507 193410 393793 59651 188279 147183 920201 457636 536142 234800 107676 247744 504811 563300 759723 261550 415391 423917 86119 
100
147996 871669 487601 546160 279788 140049 423215 677842 742505 554580 803923 697911 806235 673481 767852 865887 861761 915035 474582 7891 139671 709383 115567 387415 226540 355015 823287 488091 770406 923352 250358 594551 807368 737960 153057 99502 554157 252421 453492 309009 807001 269761 683068 625583 943243 463267 179964 493498 66796 654546 501389 206468 376275 293104 270031 278964 648119 105664 767055 107019 41363 693561 701570 848731 443867 530776 624381 10371 783197 90220 983182 602544 36129 678596 904275 655520 818011 96585 825166 884808 427280 338901 103622 803555 632005 373653 94865 956272 479318 538068 75638 196829 243976 777208 721708 363991 320330 358435 374362 779675 
100
124803 46038 70714 160933 400783 974989 492601 231140 747723 330114 128294 187349 345163 231916 3250 653317 281718 761918 621935 437184 976134 697573 634013 232456 163276 368067 272596 159754 402650 323106 939430 527454 369145 22490 364535 769928 673627 533284 677216 433696 863398 481659 621045 884710 389723 300444 550373 671441 738510 184654 120971 726990 558376 431132 635595 721652 799199 908191 557554 877998 243643 509330 93946 288936 207968 134629 735012 557744 667913 424575 3786 219806 906234 300980 116862 972105 277572 667235 655893 692230 851889 776864 107714 98759 884145 743309 820411 371838 339994 390312 262182 259786 575790 356128 548722 459907 490757 959883 29997 834819 
100
396804 697585 66971 979186 674713 847635 963637 628433 527216 308024 333009 67599 761037 116872 166359 657528 536329 662918 41712 876324 729378 967697 812258 981317 336171 373326 453570 503077 345555 159715 26390 418507 533448 93361 86187 884310 617144 725973 201237 156706 710145 210395 888107 483528 327267 730614 817204 863596 405879 858917 428414 811405 838960 253018 805068 851279 302493 934786 42850 324196 106847 69240 418852 316444 826403 505039 876902 455893 907160 90485 288747 305800 300880 189201 789328 628147 919815 618879 504090 14188 166290 608652 825594 681398 861671 643008 221171 176510 590141 264022 500706 373136 9410 919558 365728 835814 113092 254976 967855 696400 
100
345462 268949 14546 322490 134298 480023 950638 730261 775050 143222 744450 941340 751874 258538 311232 302039 901546 532403 478549 180181 472573 979256 229466 481984 587308 595194 330144 700400 526319 974147 85295 547929 255442 99841 870419 389740 579864 509551 132348 367260 652773 552946 984748 93142 811484 308326 395181 401524 516878 873731 581706 1797 541481 487320 483781 804937 758662 490073 193832 297327 476567 279127 845256 408157 55116 404170 474046 634981 913721 282542 678389 254989 835488 351632 348131 335466 659958 743312 736990 852984 305537 7190 854782 523166 494510 27057 16598 265519 193279 210430 238994 669846 165705 760399 754151 220821 176915 240543 531950 102982 
100
523085 886488 357971 47067 250466 382250 382533 586572 801711 795672 451903 119594 802862 319031 318909 973521 22236 335507 915188 215515 222085 830330 561509 387790 603075 328007 608611 779990 244698 816710 559121 767784 715544 593240 490999 966010 651639 549681 564928 465696 357699 29177 261438 836709 24356 256495 498724 46593 592002 426258 925910 814087 932737 499766 878025 548158 827773 498983 16643 84817 328039 251912 528749 55929 521300 32095 698087 185285 581776 275361 650981 615623 304539 588568 464678 5043 845063 639551 51636 125560 741957 977547 615795 687040 165807 506167 247545 5926 681298 927990 754545 685485 192248 959443 417562 713548 667686 127995 898834 925610 
100
403356 238309 553579 384043 826877 694405 389087 684287 346302 116871 809847 764408 770566 437988 463794 936373 620303 711339 942299 313947 651675 385339 11778 520071 33276 429340 245966 700962 557335 820948 638918 636840 71603 868645 33229 574629 251544 98464 271262 273995 215336 757257 50749 985902 871393 514543 934622 504043 902031 565415 817990 242200 626902 505917 762272 660178 935257 684386 373486 181087 517680 688552 817927 589283 245691 527304 176258 173384 625769 123668 447379 841105 557073 174276 515501 440813 364967 462469 621004 279344 704033 127488 197693 343281 633405 959965 15806 257157 332845 65440 114392 850525 430141 932319 128302 351980 148117 968363 525364 773886 
100
104377 648891 303485 337599 499315 495135 454560 864283 957604 87910 819775 350131 879200 29814 693413 201100 665927 385367 134405 11118 126955 248797 537791 557096 857264 666094 585225 17727 646803 786737 467762 427328 447975 447395 441075 623438 942530 895635 500067 588629 659693 332189 938760 227388 38151 320667 428488 704079 706034 562893 391345 832990 811690 929137 78580 681300 283725 663805 375175 930528 462889 842937 46350 587012 966481 487426 222796 921357 71555 722864 198480 407397 731201 149587 634785 769352 146402 75619 161925 852437 314660 553271 697773 138696 170902 776353 496144 454627 452505 871319 73649 591542 402751 783801 190900 381578 947375 413696 979083 31277 
100
812708 853712 114822 556255 679447 749607 14102 825849 825226 176027 690632 816034 405446 76899 954730 576348 853253 139368 707123 981906 686835 780772 261942 101932 253068 452842 159658 212789 542686 814890 907868 367741 680948 35036 600144 48889 460791 614246 874738 962165 466422 577717 790545 871868 654616 433769 136711 196363 573137 843834 854417 272319 313101 128705 50399 242317 257695 873860 455106 800382 377244 51469 844271 734340 750307 456761 783229 223445 747156 670313 197956 225924 924178 848 773940 267289 434617 910651 139800 683903 442980 6564 956222 432229 799071 682769 674546 69113 568975 141998 869495 622367 857269 726112 369053 619923 859021 164628 519516 294671 
100
511090 717472 196743 447614 394468 970684 391051 829086 569829 530852 201483 688957 213564 833853 133532 24981 528968 808078 94094 774092 626225 963589 408805 495840 378195 777859 791911 913365 942487 323773 220382 465923 53592 93274 589686 124208 76304 980737 629442 322281 200083 830925 23585 413647 677124 820919 438629 218439 641344 532723 668679 279915 184807 89830 451903 239150 867689 256161 828663 498671 579934 61392 640742 309674 154666 242774 433883 894772 899660 75671 893201 112089 906597 592934 525737 596067 426200 640514 490654 743692 185583 171679 35953 46538 261510 487856 949491 805347 420165 790500 980166 12446 528040 633255 985922 682706 552177 432151 265972 140331 
100
183971 835322 916223 102914 440602 454306 375129 542950 770968 541932 298988 632699 713611 334941 679238 651269 498946 317223 145111 919111 120069 137623 607705 648110 447026 605974 19310 675352 714273 949085 491831 898244 796753 420400 677306 913503 550854 728584 468800 334168 282862 767788 966868 8819 778878 334600 336237 953972 651823 481348 561577 771892 295119 181629 108496 418294 463751 127807 105992 190370 753040 597823 764763 562139 694372 454415 164136 257572 195345 632936 591741 478207 89219 570955 163175 868097 905555 499412 510563 245872 656908 84486 30110 952027 929917 802409 382667 406014 606364 164807 272533 371750 438779 49642 610037 145497 180205 774173 79217 375551 
100
419456 670958 529906 184823 918061 369229 729068 512110 544789 251977 757982 214043 336463 464241 842219 278727 278996 901034 360889 885360 741990 633422 269456 193115 683064 879493 14760 539418 342160 93977 914969 437764 441084 133369 622587 371491 178747 364001 883602 723536 292126 330078 613728 304738 794319 144441 259613 85661 721623 620502 647169 475959 930073 916625 345222 301631 484612 359982 841049 502921 130108 444512 940685 571192 577882 575619 618831 756629 615768 190927 168659 584043 521006 782387 888781 3819 602976 160740 753283 336946 457390 412798 812905 399809 17918 834276 701441 178678 870406 554836 681599 12860 11695 634631 260200 265725 886398 879032 698502 190660 
100
82305 543309 774703 603311 14191 351978 607131 617167 188866 48908 954113 646257 461706 455513 722214 479624 302135 112149 334451 848689 666986 28396 861550 354829 339175 797898 296702 237919 689276 671352 104728 771582 227007 879431 63387 241198 907558 346666 858366 108770 395574 500973 431175 533429 956486 165736 689201 934769 277885 35998 471953 621019 64395 21997 651996 79718 819895 948698 981440 521518 632396 98514 969248 535552 654093 708783 776750 573997 67796 323610 682768 139518 824584 126289 672947 469564 955827 374495 92828 246059 410493 564781 543226 151036 586778 207569 894557 419019 168613 888343 616685 477158 986857 598279 25056 653296 983211 477954 903442 63353 
100
801565 274704 202871 638495 77141 551967 120405 45315 926462 213233 955176 25449 454162 510748 840288 53286 394465 747191 148454 239227 324028 765139 716385 323231 51913 417589 652675 47470 895543 244611 774625 709454 519315 653644 36443 596457 881759 156849 641772 820567 46230 285442 522165 176541 472338 50947 229827 866804 474286 54429 118377 798314 495717 510910 797693 547630 928499 462714 271248 512536 707326 722021 234337 902789 64159 270780 511592 945919 103777 829512 454980 813810 127300 977145 2697 275787 704240 896326 154937 190872 950756 273314 665334 458819 784224 475373 682597 401217 938088 629993 913753 333908 40508 824238 249043 104667 771167 436784 62932 551092 
100
942444 517913 377248 745893 183552 56093 34026 887793 628568 188963 754813 591670 138425 432494 726637 598797 584015 97728 12360 534449 403869 602261 544505 444377 438846 469697 549044 222359 582629 288125 449599 537419 806038 502996 295658 665738 559089 5832 242025 200003 858597 9185 467821 9368 117827 870606 608165 701842 968334 296673 912440 384549 898935 145439 505074 26275 291284 66465 912436 873913 354590 374381 99827 836776 877377 71633 514860 124961 77466 756886 1112 936063 442219 145082 945432 236194 28034 242091 614184 672517 214913 538970 733214 126194 360558 250635 816271 651842 980902 741053 538102 23986 791582 637929 860762 681306 709562 64116 482415 463176 
100
497150 483527 411586 615517 304757 45512 527859 332792 951405 154390 681457 178664 369508 427017 304858 730066 677652 133475 394255 347048 550676 608505 371034 354605 922582 907944 712059 320638 648209 206820 783815 157705 366495 871549 449371 671253 917061 977230 680193 880812 807768 373996 735625 189623 801013 52829 595837 167160 850107 666240 514208 89277 287091 885243 443882 885821 805533 832089 218806 466088 715057 678769 299942 93899 238812 425461 441300 832021 91185 133839 725179 898954 507835 149298 764725 984996 202128 372908 164502 728383 51495 678711 493808 14734 576300 613839 900556 70327 458274 795510 212564 185678 162773 188654 943379 401585 290263 397025 245952 381448 
100
530864 647279 956550 714847 796578 733621 712189 674854 118876 876692 91731 170371 243897 585539 185105 496345 211724 761809 566672 346147 569665 455384 531825 408586 320186 487550 810171 610449 560723 68469 4244 103933 715749 960794 494928 200821 706762 219463 875675 501786 108501 967406 348305 352398 565291 209558 524891 453164 971368 103910 799311 229527 235442 343482 638114 555629 507180 460631 178424 80249 205249 846470 847984 597146 819611 355258 797967 214867 250869 685988 392801 35519 341888 741106 64065 583327 950664 588957 48837 610526 692867 848148 840054 604457 867778 166662 172432 63452 627293 350857 807503 508690 873475 667833 118182 705432 699239 916149 596447 950109 
100
290631 1594 985628 632519 742700 725841 228193 381859 327144 277030 4731 696159 801327 844785 312963 357599 23793 485395 421052 327235 512400 240901 835925 398222 584883 630256 779802 296468 558751 64744 922725 525531 66338 596847 170396 485187 335035 74737 867046 662179 27916 871777 370685 829243 405057 683648 199188 104998 845191 296388 108381 46086 537290 620455 120456 134519 263057 900258 107135 497956 965002 706009 35833 707489 315202 870032 205022 326385 944769 748216 911 972685 308487 47744 490422 713544 407540 365759 494691 265077 662147 603072 974965 875585 899675 107767 686252 175078 20372 793388 673035 661522 187891 385016 381357 503093 267394 262527 505627 888312 
100
23089 182686 549491 331577 230430 716062 721269 637970 94167 228306 579195 432462 507527 242655 320394 419548 350422 18992 594627 370794 488528 943810 708465 676419 341172 102168 855661 284715 40844 373634 185373 63933 556320 734864 395510 462898 463272 129126 777016 233587 33580 44705 666050 541107 287360 662592 636804 637783 357732 243777 684725 522409 863735 405536 211174 881055 183853 742983 178116 224697 128963 363489 952432 361431 774502 36437 824329 913922 829365 613691 159856 862945 658397 502054 92547 945757 840794 729351 595886 210872 649276 956760 733281 525357 374642 620604 94906 234643 375933 273023 135488 181045 312660 100267 542476 763310 136704 379152 689579 966069 
100
668991 525583 517508 15882 39983 286203 961640 556925 27900 246020 767797 353324 215126 189573 554829 265917 810177 649736 176708 862258 922759 312197 55649 911567 88612 274274 687224 225316 329574 389149 867533 10911 590880 73535 26794 630863 359739 664582 863936 63787 586750 644079 417112 801877 509800 648089 743942 8471 310171 920650 546878 909078 908995 602527 832992 9953 552949 208710 899071 882523 597859 455098 569583 201085 528634 272525 508096 564521 937107 384378 304456 536203 704605 397716 26574 890554 58152 446664 899025 44471 379661 134397 953550 301002 736925 475036 974758 966022 683746 886175 860892 957753 353620 118969 834986 558402 391494 31576 799071 17095 
100
92102 115873 229446 472855 513590 256021 375755 571742 378833 950929 292361 758494 97672 258257 735645 510745 409441 722749 489114 769335 297418 38500 739434 651038 821271 262914 885588 225111 294490 697005 906008 386592 812879 147800 859448 14963 79969 247549 262853 458803 874626 555214 893445 972299 489620 317584 171538 899061 52679 660652 356891 26246 375300 108671 353432 208917 47734 251367 110176 342224 624520 28530 728817 125893 840133 276759 140856 596250 200456 79857 67399 87429 635072 636993 735876 137038 954577 907414 712247 683405 256561 81484 709651 308009 853958 739231 516927 901692 2944 627103 256262 627465 331782 661227 429506 184261 614134 570363 456659 814591 
100
650220 200207 578168 961440 837200 326390 110824 480271 909952 499220 839824 842661 580704 237969 163017 447008 977201 356092 37194 980145 659343 293457 296104 3471 630832 725611 851534 257313 972122 320540 748052 310836 520747 338566 284623 46441 341104 71595 526712 927204 246963 378883 782212 827668 616852 621377 950824 606399 977469 365 275039 325306 957624 247291 4926 276950 649050 856460 210411 633518 853148 958463 620503 62389 309375 905126 772632 650479 652869 975493 266178 899833 42870 724538 415995 335870 358261 55313 942270 24224 719480 893457 349530 365598 816896 354456 642549 478293 887065 852960 124157 428707 823770 420808 167245 809293 14428 939877 148267 667298 
100
603864 414445 255625 646734 151329 671620 982605 509590 403081 613369 209962 134908 519172 235640 500506 348414 590097 155401 826707 165656 684510 627013 270511 196774 723969 437756 18413 738398 66128 166680 94190 669992 257273 349815 329073 408602 697583 172 594340 113010 613541 804302 247918 145059 716091 424573 169621 982336 256122 672477 160338 940632 975638 106997 149752 711953 544754 831968 138845 287030 674796 233035 633170 932070 582850 638391 353018 956581 638563 623507 745740 264450 116303 6004 85657 832394 106725 919081 827076 362848 603904 663562 315826 268036 770560 141727 656137 3808 973695 794983 290838 660837 40364 924008 605253 299363 250894 634420 268290 889457 
100
270273 26376 166254 62724 696183 251911 895119 802908 183338 734541 841904 463390 86598 170077 407574 857158 975606 76058 860966 961647 547189 827952 310978 587553 440454 592380 563064 691348 902948 507503 593152 849369 210027 435554 912093 582358 687465 819558 397613 546952 242594 251863 686490 329192 98088 106411 862498 86040 846271 411958 723835 405806 252256 710962 669507 692710 315688 908720 72553 230982 428569 341853 756499 638596 777407 680938 233301 153366 188991 307062 376466 107733 235073 75303 113073 9310 845516 975571 759152 380281 399875 495334 462235 328279 218642 807890 697137 210478 728956 769690 117608 169871 123889 874107 484616 577444 243539 394065 730811 432530 
100
377275 119623 540263 288496 858728 329484 297806 716590 317401 69305 109217 393424 240787 247600 721703 135577 67837 107335 346055 796793 877025 463663 642813 677063 26264 803577 266853 269803 209988 673812 378482 263411 793436 594893 551907 664510 924378 849714 69595 917927 595167 842614 987500 512102 102561 397697 647679 170398 505032 669882 967191 70552 809693 622350 747615 835957 438273 690616 781908 324409 376775 172736 587820 182557 767630 815876 523215 380502 677936 592810 310775 949251 447771 310621 473699 226480 708319 797526 396878 225697 479754 376415 960051 301793 674914 720012 150096 789335 99123 608152 789893 475898 780889 66207 334603 560865 882083 533966 941367 248513 
100
139123 928290 210110 263042 251258 359957 489522 635725 169829 562548 537570 325731 615111 509968 627524 302371 906128 453768 767855 17597 74267 570094 493495 531304 312449 504246 104515 206879 50559 722030 455392 853484 338814 341651 792674 266220 701608 958344 901945 547586 533238 128010 549465 824497 314126 189336 139215 232600 319252 583218 250198 69667 829460 419841 600971 154255 600236 381634 361134 326943 779812 816527 192773 130973 834326 661595 397193 224428 632285 975287 448162 841671 115643 9974 678514 429769 863112 493877 338517 194710 753243 588715 264378 595049 684705 865349 749305 961089 923132 786587 300378 715290 291608 493151 846263 138280 830894 255803 362709 151673 
100
907238 810871 669492 35227 820845 36500 141144 696303 530378 479661 567162 295967 744525 507688 567165 117724 61531 4964 91159 984663 791551 391537 712300 95506 560836 570909 897588 404076 502860 936445 231897 422444 759663 901389 133819 269002 937889 274963 641454 156761 430773 884764 452729 851446 404798 696042 969170 466329 701006 736477 463339 504903 804162 187985 276557 377344 435042 186492 457568 937903 799085 689465 372693 571094 279348 506513 516245 229583 457624 833847 386345 564545 730957 515222 428337 811903 223610 86001 290578 600764 822478 430065 118013 638986 294198 70719 692478 729241 921013 826194 679490 732444 204153 728331 979687 483501 910992 184426 389233 57111 
100
30619 775578 621656 437724 966948 726142 261973 202904 812143 228699 803668 646968 334913 597829 962102 629111 344696 343075 370698 278055 181615 726336 686648 385769 143162 678681 545418 66500 863107 934651 787413 569874 398723 421416 683746 378017 159904 621867 257069 648195 526714 736885 307509 861627 347061 945760 503085 691757 301181 549931 645961 158944 288614 344955 220861 431776 699784 442428 174424 251385 389425 961838 821259 788149 71748 517351 842314 895454 815366 111730 555995 354426 848615 539653 228400 871824 173907 407633 252076 151236 957564 898037 310180 258524 919140 207190 366448 631270 649618 217021 882655 715191 855007 392408 515686 926755 585907 46495 834555 413619 
100
158225 79044 768045 19186 618697 672593 567159 468752 92572 819235 619988 62483 729618 930169 984809 661104 813507 39752 968522 475471 256773 863523 203008 124126 932079 394843 727029 530332 441338 250078 620099 275711 329122 400490 958699 623968 749232 538204 105066 841804 369785 725055 904287 775551 343718 577591 125149 169571 617343 106017 321190 874116 645688 200346 674390 590113 271337 413765 796593 388823 663843 429038 664534 5311 505677 311728 305427 267255 849932 410494 121405 895866 811697 701841 683763 831563 291778 808913 13480 909121 914930 10818 471731 249113 211164 158467 839226 482502 572232 324314 871325 248421 753352 224354 917534 935177 536082 235308 214778 398360 
100
321950 12332 306572 145993 714173 666484 653704 18297 487743 343332 603566 91167 354150 87643 340280 241462 246110 855655 723964 494490 192315 283784 742911 621815 184286 348939 569339 720368 584247 784117 794876 582345 796449 777597 404486 199116 456427 70536 881215 620318 413868 497127 711485 768018 260918 64112 685629 183176 595915 98087 677666 788230 381871 109071 98539 566157 458011 667878 962673 718406 140490 769896 976900 613087 559839 393732 812204 692414 464269 381913 325078 554285 879041 48909 10798 816107 776823 696427 675432 385084 794514 365444 849462 852534 150664 948002 107185 284823 304374 82205 679377 444864 852101 668623 70298 100434 74702 558650 792848 215119 
100
616711 130272 769404 184246 179181 456350 12700 632153 165123 688132 29583 635786 729724 555194 500666 880388 515542 607851 841359 819916 690056 533083 940929 230651 214052 687375 331085 952556 922173 800081 180021 551230 930353 625574 735477 785683 94270 748177 430182 923196 124803 135913 571328 854527 367255 748142 423410 882797 368339 277115 391208 734544 810198 344483 641343 700399 708006 648577 665301 642525 461004 521471 206101 79852 823193 941578 865535 593611 378249 971865 529153 503052 783926 776629 46074 163528 537117 469484 722473 581605 422747 126027 328495 909094 146658 969838 621839 854664 630761 963288 509535 767914 497105 391785 847766 332644 345709 725647 602404 400107 
100
386006 143903 903159 846080 596681 625381 21954 146144 107211 420576 727749 529959 222751 732392 451399 369410 714577 749386 900222 33832 725020 98252 801746 234472 490037 661858 243264 511894 75999 521816 912001 138153 665720 503655 660382 274747 141382 358484 97039 248594 779060 500937 454701 14158 245675 582248 59716 960252 343980 959938 670233 745148 70536 160473 655768 560573 498480 575181 84814 250627 109343 9161 64929 775063 188964 725311 725958 330347 96141 499146 255089 875202 12429 709790 889360 258104 968186 949076 894505 660 597508 253232 745808 668045 413705 413923 904766 912185 1450 1926 838961 110793 674890 903890 562005 863854 641547 964111 870349 737688 
100
475603 137784 301384 164180 847574 866892 422285 504254 504462 5284 504914 114317 258516 263069 782362 348369 676992 375622 936703 678442 377549 788010 465383 728587 704246 39734 280935 34287 679994 163631 448123 167943 301415 749508 8272 825138 628746 430557 341738 145555 111989 846653 923674 46653 122068 394530 395022 475208 770152 344071 829798 823849 808229 307527 564782 524821 23410 521866 235256 703404 685497 683380 547495 663060 445234 555767 500544 750128 662472 518431 571831 774461 53578 507851 821114 839448 902381 892285 327002 684880 248702 832948 521075 733080 152821 762006 934049 840033 296218 181652 555783 657863 865032 779427 333269 986414 347540 509962 748888 22359 
100
40739 9214 472968 94317 517065 970231 609913 107941 874862 936915 468969 799712 458357 666192 545138 611178 440544 491534 139706 412910 673186 371637 83119 226712 163410 92537 225472 510951 602499 650508 209458 319386 659722 682426 89851 852936 341151 699764 960877 228359 325173 442192 40418 783530 120730 261704 83202 237423 753238 222908 650333 114918 270694 409601 341630 434104 502138 243250 621203 780785 893759 506809 776319 241975 865384 866170 107257 218881 254428 744282 447241 579601 862622 163807 51625 983353 425511 134827 896924 191096 33884 235751 306014 304578 321500 323793 414830 499786 567043 48380 292917 149296 231337 81582 391272 109067 623900 174677 327949 878328 
100
918960 451338 146423 793928 615145 198048 465775 53002 332876 51193 907900 42908 286945 890063 347486 284593 226202 762316 784380 793245 486844 753445 942542 718182 835028 346160 503397 147422 196985 831346 38097 792093 958832 848322 274516 586323 58717 740291 315474 67741 467633 899522 110649 430726 801931 134283 715319 40479 896599 512045 833725 71938 277837 788613 466268 789013 810921 969665 936435 684054 489506 650680 488494 460684 187497 763010 723156 246214 191795 714778 313955 659428 626646 100752 102500 440924 235035 493968 481403 143980 18359 3622 879720 959998 468383 358334 437505 955452 16494 62435 651853 506000 713115 152693 642832 900612 915703 54482 822974 783646 
100
769260 813077 455421 408253 913829 234069 525325 161210 728037 19074 968993 422545 686499 537207 71037 167228 895542 508543 135027 588184 570978 786880 106530 960241 615721 425510 549348 219918 479993 384668 15910 925401 210092 147479 346000 800069 381549 547473 637428 785734 566548 618767 884427 929195 168320 955465 108769 740010 476354 907598 340540 59678 706824 123218 32265 11039 224877 581613 230957 704870 642430 246868 642617 528670 70495 664766 341085 452044 224585 978513 913927 467281 285774 810700 408822 130243 454659 193740 870253 931013 113684 886942 666839 496657 686308 375253 507696 911185 633014 738654 628401 287790 661670 947167 816460 732165 300427 833694 860358 201160 
100
500701 786631 668442 786476 285825 753412 916719 740485 947152 475466 359992 736985 50902 39178 245988 737211 414431 753684 660742 59791 180832 965292 23730 842502 600953 516338 263162 901380 38526 135866 114886 539228 598645 459476 14198 560618 225235 607065 313449 848535 758679 349590 597866 809582 64916 520002 559139 479347 949835 896029 215286 143013 873667 902818 985516 486966 107651 261024 76840 146177 73038 191727 685405 671683 327351 375751 244647 228734 982816 234245 89616 753842 259983 363630 575770 324899 559781 811057 480394 521962 719432 371828 664975 281594 286993 338985 444708 394644 276157 521549 216969 349195 389424 902375 697026 716775 954274 617822 945510 949437 
100
528215 711274 715625 788198 751052 967543 789245 323179 467094 281985 845141 198872 329961 198611 156614 616954 537596 601323 687746 489902 135218 904716 839097 524642 495585 224618 917565 462205 518588 875421 100136 59149 275189 491909 523495 38588 147946 1234 361767 615040 283219 883057 490061 613180 94014 646675 906283 307758 924146 282523 797660 71710 863387 325252 272500 47466 549870 202412 185820 744606 753981 285956 479903 41517 454014 15744 743907 601960 680780 118020 229347 963999 677225 719408 265673 447387 54577 848104 755146 978724 142974 565152 726582 682509 566552 11429 729976 792570 877643 915796 549522 320118 877900 41771 37783 344260 721317 781690 946221 414443 
100
575859 187914 66936 265430 583470 8758 712818 314195 856862 156458 305265 675984 397758 707996 370840 964311 719425 776964 769227 285562 705106 7244 605680 595352 49015 643464 615761 446481 437500 574328 860924 689507 438390 604009 954938 698008 612767 356250 24549 158123 512708 5963 834108 910466 390107 881096 887123 121878 670406 344845 83588 64006 352089 365416 335506 77252 685028 951267 523733 798677 214089 73152 500530 328627 677161 467814 38981 966076 824064 727333 136545 25266 409444 646801 935733 799551 216391 835202 597577 562945 192393 357313 626951 220630 722729 638606 297883 420104 602219 821616 894929 492457 570916 407805 821084 260423 551768 536214 902647 64326 
100
275893 715341 89593 361485 374488 37672 173382 267028 549022 447107 829973 417564 804420 145419 638194 539495 784025 612225 635747 74738 446188 543022 567195 29450 950828 76774 953676 191090 612988 544817 255416 565029 272504 345009 926514 323141 58829 112242 590169 607852 559349 108636 37762 376115 254055 352104 591758 50426 964330 239852 125165 99012 459022 368508 792264 98344 445282 434434 289434 734418 979252 544851 311793 927904 566008 250653 263391 624838 39043 529708 245036 274540 638345 946600 326803 568548 974852 918562 618975 951528 834562 420288 726688 305930 464944 531299 404275 586375 641881 369857 333139 633479 914708 644933 573730 493063 895586 513269 130247 934630 
100
719126 51431 885318 369817 10377 224468 938365 661377 155376 245834 301400 2284 342270 40434 972016 483363 247881 64785 82084 889763 434643 91371 211736 37845 736304 461614 530908 320385 974884 337303 931163 706356 388734 828827 752321 75259 65641 379180 412785 221017 301163 714185 887103 319581 754619 547614 802944 678649 288547 561176 256906 723190 652548 468642 437184 401198 930257 968092 397731 593635 981544 341240 976139 58772 182414 416954 797834 911857 472282 222965 809023 773445 937150 384620 769175 380263 932234 260613 735060 233128 821790 4312 632466 486684 472955 81996 564030 91706 726237 637910 361489 396275 979150 26122 455047 837712 119224 929029 761916 591506 
100
828142 259433 53446 453786 644053 822621 834050 264782 759382 257604 174058 593518 261917 806524 756350 411020 564669 8875 502726 967054 646785 540363 375675 314429 566485 506870 164488 685709 448246 602552 953363 288734 861985 19155 742521 194532 517924 265065 459314 289653 522669 633372 559319 460734 452243 328016 871754 693060 13039 386826 672460 659824 603337 724283 974253 182168 243499 814889 544025 367893 105935 509735 656628 644068 205038 87643 838601 722963 28856 310261 688764 551525 619782 260429 688408 748173 588445 572508 453579 601484 635483 802187 937456 251166 538816 600204 109483 458463 103587 653508 826357 209523 839391 171479 529739 720578 259122 380686 455887 287978 
100
367096 820799 515651 986878 93574 216405 747397 358168 788914 877124 635800 112891 691657 585603 364057 906621 861955 149688 377430 965542 479345 216133 187411 331082 387612 717151 64006 646734 773985 196041 610860 817229 29186 802660 816453 786563 695213 252344 157077 172621 141814 792877 285512 509619 66974 649570 428586 928929 799258 806017 906818 290949 34496 770377 298180 98257 176022 38334 421139 626156 898178 44346 455731 603512 523154 284531 402421 230713 213023 235646 403335 30986 40870 688847 540605 771646 26911 645340 712922 502318 463703 632086 793267 174347 90957 767595 272604 266980 482078 369892 893136 392602 414238 361213 8460 613540 321892 87030 844253 211064 
100
322676 259934 242050 39694 948782 458803 811341 975693 116489 212757 490357 580192 520991 959773 430688 611948 415862 379440 555076 897940 749332 136706 302888 839718 174068 975151 465604 495960 74527 322204 383172 73351 258286 625222 113046 219414 96372 600535 871256 212861 489440 50107 469202 22777 686028 576038 634725 114237 955478 865950 24523 393305 15002 3560 245369 189070 654859 387122 361179 729386 385474 744351 478885 643760 381920 268079 863175 154440 544762 422925 43449 46548 473032 512651 69325 835209 101035 380199 949446 732662 258495 650117 138313 937299 329825 383682 138716 984684 446952 176043 402564 832426 920394 557598 488533 978462 825677 40202 809050 382786 
100
463127 852500 429334 612307 377497 174808 459862 154681 231155 97802 887343 489650 424068 38002 115443 430041 97832 917961 427072 544785 106350 505784 65705 39091 75728 554238 693701 577554 594440 515098 960340 733715 379944 78168 358369 433589 916778 494379 588270 160279 268330 164107 326077 368546 202109 441521 798587 963744 371828 901807 197023 478179 419938 262728 193418 171814 816967 563267 749368 99901 90711 398202 833617 146803 152519 868134 580393 81643 51007 844811 241923 319337 21265 244148 364031 223374 685669 174965 863266 733646 89118 72635 887973 185204 335364 93737 357019 828479 657004 782535 928380 423864 193084 774343 570667 21751 654823 163406 103394 705831 
100
20564 21465 701316 705631 929416 77694 929005 627431 916461 480766 49571 17925 553401 937544 866932 564913 43627 900099 405738 376780 371128 346465 476792 240360 796956 59805 262111 140274 887014 41654 846105 583726 63119 235915 301703 668683 977411 906856 308461 906218 399968 358032 600292 629518 971725 479570 206777 27698 68163 612516 80626 439291 635129 557418 679652 444431 293372 941763 584705 192732 983417 119304 452606 722685 31368 754309 403714 21125 349659 388323 927344 749628 422504 216130 67640 406575 371848 274417 110421 440011 563081 854850 555450 210556 100762 247448 654988 394134 865360 915841 263014 537271 47492 715620 936104 78860 158423 28313 763787 508083 
100
92784 379625 933859 515288 595755 13845 598011 967603 952064 384581 96108 527492 915579 327707 738048 28687 575155 81530 422822 129009 9718 361984 342429 721012 89951 290879 476020 912176 982994 915955 432605 88125 307927 54958 279561 579830 732605 553721 235928 697016 938302 332036 236854 866227 659743 651050 571062 911047 408729 6230 716204 418447 368215 70979 815607 134314 38007 967775 58836 33347 896076 167590 121472 216349 886350 401034 796180 631302 954755 44454 16812 581551 52638 917468 136272 388530 580864 707334 975725 665741 389713 704275 96534 434076 775255 588289 244538 813262 568410 303374 846609 476833 147112 644230 693182 45809 721412 177856 353259 364661 
100
886112 370071 946212 938751 299885 758632 15775 556897 478312 3846 234985 544173 708121 7667 978249 171870 595957 898935 661280 840515 214656 196384 329694 37916 840614 699025 747527 250520 553029 113132 615181 451488 483203 249887 78733 459236 20865 94508 692282 175325 762156 603415 395647 158771 287230 62390 330642 559335 961326 4268 412197 852130 864454 418039 890046 393562 129410 649920 644082 358588 763052 271609 810076 922404 521496 564957 70134 218509 659465 438564 69983 433967 54325 465630 592738 17704 204168 599528 577039 177840 279945 1582 42316 156745 95770 932363 550308 888982 270777 206736 259916 46175 154494 82338 644727 352138 323443 391010 246796 982908 
100
829574 980581 105369 560048 134705 374256 577752 338873 649932 167137 516714 929877 832522 559030 762771 604440 179887 1573 505768 450664 872111 765685 172988 702753 524171 493863 67238 847615 884873 977836 519017 726794 970763 300535 299188 117814 674791 553088 456687 13217 396373 973401 619243 241241 220926 394360 845681 400813 72081 39944 527626 944192 805629 376762 335440 18294 870625 402678 865909 767845 392860 73421 506985 375969 373956 482321 493783 724895 711557 626618 738112 120276 612366 369701 37666 509440 440209 559495 586401 188438 599439 126373 808779 93562 503135 156565 111857 386107 235391 653914 830100 628251 727335 25579 680368 113637 507900 850299 514680 895605 
100
489263 265139 28227 777777 310988 729695 299563 427346 301537 885965 291932 577124 24684 113057 670687 203968 269622 458692 266223 505013 124952 108669 809412 852288 134248 178274 642073 318296 40919 169100 226247 530183 110387 918276 984108 97523 660318 296018 201017 638003 194329 492950 227473 882815 606007 574308 762931 551778 45346 41500 732939 170299 150169 230846 698735 284417 409120 29302 278861 450040 862204 505108 656371 972591 435731 652825 746263 772197 624991 947280 422546 495468 452576 650019 66778 734732 236674 829709 962658 945822 547358 707943 128467 373675 938789 503350 658093 36404 532653 613102 486444 407203 130557 818963 68289 242436 160282 814552 26979 785274 
100
450326 449525 956890 579051 775692 36014 2277 688514 541872 964935 646683 101576 361372 451298 475251 976310 954649 809492 25060 175796 434941 187652 259147 241646 18961 327436 484082 843045 818136 187209 640665 280809 636734 286050 536008 100920 322064 538285 789435 863936 515566 124612 641660 553086 252058 129258 541742 219053 614898 242950 70997 62185 430602 330145 303831 125711 333729 464061 968757 164212 651270 297916 121169 964152 583966 657177 77419 906031 871610 543002 458461 399522 343762 112468 628756 595820 905528 182845 491022 532772 425795 562019 271106 856398 568312 251085 658257 902042 715147 639360 742402 54911 937277 863571 31410 209737 209242 772631 791916 93198 
100
4127 262724 168868 347889 51340 797624 943709 956868 656617 123225 178134 94759 361393 449240 627305 929705 700326 961710 520241 103967 613417 274989 158878 239188 814708 190288 448925 700098 639067 253188 469444 643194 192060 314460 3429 243400 124431 623287 876416 457196 422660 66896 551955 784053 516137 855408 402253 892611 829465 922494 8924 131376 873632 167802 46712 376834 34239 495637 753081 349454 424973 234871 4995 293181 549332 672226 536581 349911 971661 101491 807107 406668 168388 47557 203067 360673 579113 281468 265630 97072 880111 274554 892250 766089 118504 938962 819071 816545 123094 584498 178346 548067 495518 183341 841249 720998 531715 66324 83255 515723 
100
167816 566510 922391 336204 614067 801606 373025 869329 95421 638655 966401 651680 589357 870998 430115 384009 822306 925334 212901 621548 198327 67395 181962 369993 914538 699359 103337 458599 765683 850394 650470 609647 429250 585207 621999 719466 75308 7370 601141 834531 646025 256036 498557 911530 803182 604820 307886 313983 218648 196935 935531 416975 264330 129839 786968 191214 505346 890305 325961 283376 429193 976432 569171 858444 250133 203517 590256 325441 210887 867545 836120 533061 799729 347023 456937 615258 627991 440971 929241 846640 637906 877118 275961 902236 683106 739078 769598 200798 317877 771708 160322 747071 760486 729494 617861 22965 933011 884265 24555 820046 
100
440304 860675 365453 252379 883847 822391 867637 524184 275708 485372 383170 913615 50985 335280 504345 734091 86704 950092 611037 404581 734146 447508 827800 183126 853150 134155 869893 798507 694568 894448 307047 147218 443618 672501 75746 339811 507238 943383 540143 459094 117250 599462 61203 168235 934742 241697 902326 697594 204135 201857 778323 614429 649365 618470 797555 514861 752625 679794 1862 459540 262737 308910 606758 706355 981411 358652 722314 177143 978184 938605 636237 107780 550413 373589 276015 173649 615286 854489 871243 819421 732494 661913 122344 394206 292729 919899 585215 721502 288187 587078 193388 550924 572136 476295 933427 242041 834947 344235 419184 825477 
100
295187 731569 609405 521748 117504 885420 695398 732790 428403 578987 240705 173244 917048 363049 567450 222123 295294 828813 943626 259630 428237 813162 810554 676521 301803 432476 918562 812899 776711 26240 326870 748046 757810 936276 282141 551462 510190 977539 296599 938594 245020 213452 124184 174415 576502 367782 72686 547944 208941 692460 807574 313327 517969 306623 2194 495920 415247 596905 984967 868106 623145 324184 628499 69449 272806 910640 620912 782996 576673 593659 410084 821693 807111 534268 672256 72107 578198 744943 620052 463288 449749 116120 776615 967718 98891 454957 152133 190286 64208 149446 70739 363502 473630 699238 432951 422584 298372 66209 217927 875045 
100
659868 628011 385232 155474 838428 69835 227581 428972 814778 523781 568408 276873 316050 357369 920740 91089 488475 85219 281376 228831 234665 352115 592333 708296 727501 37631 807028 38219 767642 37301 913264 116005 341461 310842 271479 856037 56825 499060 961157 871603 698990 541912 824625 27386 575429 757711 118475 76250 842930 399851 968884 753743 428114 573563 150533 167961 287342 957562 206180 731133 671011 795592 847138 24818 782583 130963 557003 839408 306171 530507 399506 681309 84765 236477 708695 660194 6534 503319 412593 525612 903170 393823 955503 19779 643534 118383 187740 607025 752093 70069 350504 435450 865661 209988 136417 336738 17099 693420 852295 987072 
100
900075 264147 680728 984840 500624 77917 333529 183306 581236 746122 385066 172901 816093 352915 192680 471973 147446 56568 755146 575687 126637 117996 687286 668447 4132 823703 17531 685033 205617 869826 684452 118039 146319 53674 115225 323091 795393 124902 506397 388976 547172 567611 238025 375611 596675 106853 523733 420269 163421 291225 8303 290059 409222 695589 958506 89502 207786 976037 774536 413403 534358 147482 207590 680677 864958 986618 679917 672697 123866 198660 737821 671039 442420 651994 58996 51441 758847 258877 147858 922269 550103 819963 224674 635473 527898 859328 724975 411832 847711 188005 825236 70563 11635 45172 751241 876593 707938 443504 237785 831805 
100
318312 975606 515190 436880 316095 250334 164469 87288 185360 312328 21903 735463 144637 910379 59430 348684 782053 460553 760516 318259 648559 274246 388822 660194 983221 152409 225282 703505 272061 463067 547656 266522 127167 738994 703402 443262 665477 867872 530551 850837 192546 228602 274794 13331 151328 10372 362015 933381 470925 134878 263986 795632 85272 652809 144321 80839 481366 369603 784345 429576 832670 20495 696098 635985 759490 411846 755396 113461 292064 298293 640446 160758 203043 915240 174090 354371 925612 212253 963901 85031 23279 240233 880664 108552 569190 37331 189391 62903 406934 649884 168627 915752 670380 864725 240231 118364 288917 7973 231825 257130 
100
970068 872271 94036 185458 476005 931928 539829 90111 820330 192224 175142 843609 432458 68152 952161 677796 105483 817701 416847 188565 479931 585474 780465 826459 462545 33043 620971 427611 41016 852796 360889 23431 413561 454925 208889 565714 75348 424866 655825 895678 617091 507116 751633 725697 575268 392289 415839 356900 886138 508835 221613 54563 106655 14425 881023 569201 47468 514340 672960 88484 55631 46195 775717 145340 177268 660754 387203 252616 97967 719176 824442 391206 238638 264570 129249 490055 656859 221236 523103 555343 730071 744716 609906 512875 435289 179423 758224 158905 369912 443530 911192 101691 165873 699255 247031 343141 372356 634234 271906 146471 
100
41905 772496 537677 280543 49412 343074 770598 706271 240458 969849 937762 970530 726912 236163 171899 838349 415586 930123 9601 785498 385999 920793 887189 551872 632394 810369 571161 680898 133097 519215 827369 175002 304058 53540 131694 353470 396614 578440 735890 637073 560636 685998 296097 963696 598309 467996 814391 26242 86613 823992 487888 472612 757131 63572 700632 78020 550089 284139 758918 359334 803355 598634 210485 783561 652174 342179 149377 724937 920619 561415 50504 493601 923562 22749 469643 534217 166893 960183 236607 253506 796521 724496 726118 242147 464216 115244 320167 690453 399383 755233 62133 878886 42361 272618 674793 694536 290945 500319 107967 223911 
100
74080 158471 393660 9988 845022 539452 220354 24261 511981 456961 277767 984650 857605 680033 239143 334167 795277 235458 700768 870808 3038 439050 438189 709201 711668 125328 416083 14960 301795 200198 902673 52024 34817 308679 725814 879839 848131 946168 904100 48606 415476 858015 45603 285427 550394 948548 295743 34165 860155 8857 904974 863193 124055 355509 260888 835724 156985 676972 526832 134929 553318 441851 186953 588136 426678 588915 480321 287156 547430 72916 11910 962906 930931 57513 924481 169820 18408 232570 867787 878563 905230 461255 430250 41631 816764 691138 553503 649898 56604 756483 460975 609923 210680 324076 874207 313507 912991 366874 276811 472767 
100
439790 288721 124167 383068 346235 724797 229036 40791 633515 109169 595502 551091 570425 701900 268871 75683 81532 498522 401729 138137 267352 862704 424208 154180 199126 310761 143835 788266 353783 420646 937181 793574 709368 73695 852790 67949 798492 757974 772542 444353 867143 380390 671593 126062 758438 616612 201746 839970 791282 279623 654255 734782 154674 90809 565111 29948 77718 708946 494362 107650 141939 443890 901224 851307 193733 442508 595404 668373 876630 56440 788874 756119 112978 472813 558330 871416 765573 760076 723732 245350 52045 390334 980132 870521 157291 557589 576618 898812 942684 83326 18808 96969 203364 596180 624424 397097 51034 232174 77816 927664 
100
288614 866691 372277 77740 27998 930607 949156 469720 379177 685234 715070 107371 751716 383696 977892 585156 941286 243004 496314 896316 2479 515122 669433 205843 123648 306203 602941 838484 214525 356905 454642 179287 235942 826919 257027 927743 446021 218529 409809 825198 579911 137225 932569 343974 197069 598956 929130 814503 518108 113938 399313 520587 629060 81092 726431 428856 387295 17866 279686 601820 374771 734328 781107 610714 249741 714282 226951 695762 932811 636760 209455 525069 450133 154370 545191 647202 429474 162815 474052 947583 276753 873365 480516 905813 630606 883095 347015 694049 900961 302849 308216 288079 49523 765471 574941 299264 492100 801892 671175 113405 
100
127146 880630 638474 577279 711148 859813 900629 152969 34974 63175 776700 311727 936541 269562 893688 255641 828806 916851 949690 742113 232046 934054 706340 945371 711872 957429 920784 880120 771667 604305 669673 574961 173429 984296 164586 884577 856455 741364 713694 567578 804539 502740 555453 429574 448451 461488 685215 289603 66833 647252 707864 962682 593652 426551 596547 981672 396326 529677 550286 844142 810130 232306 431449 983559 228948 272184 556631 97749 25894 282671 341475 830433 461560 896929 272354 910011 46911 957569 211960 777546 617167 919824 752574 886968 34869 361468 880986 431196 567293 443619 951486 389770 675925 395281 61823 581021 667465 618454 354918 693359 
100
577274 696394 212287 51180 605669 484641 961191 652580 130704 849299 442472 424020 457617 871195 323334 492487 908811 880468 599831 488450 336433 563663 878220 688506 958944 616192 281873 314904 246992 636792 684411 824266 21680 896698 551594 627349 69833 525131 956077 864340 62924 87043 300706 520542 634386 300188 25375 555543 193002 301354 56340 205584 865017 610708 570238 512455 239246 528260 503507 486239 841200 200265 986653 862880 109309 550594 502575 842945 751873 147146 719631 814798 897991 32683 347686 544724 9019 49209 112613 865823 350563 168953 747555 891728 779662 330140 92677 31254 858400 596185 193641 388094 796450 856443 263320 581907 419383 442043 437198 847404 
100
589189 832977 674548 499526 541808 34580 56596 550827 747591 833012 105145 774302 14311 852700 678376 470121 195186 771054 177524 729734 55733 47313 130174 852183 903756 69642 122584 11633 511685 235931 859038 777022 81254 545932 288895 623063 256661 21639 850038 16598 530799 955183 790901 221259 820230 157771 691380 691564 604973 545052 109793 660706 592366 903769 201383 508468 973412 323968 520102 173591 559899 391486 950614 317301 613566 915657 616512 870227 613444 478897 562974 156590 122574 42369 377849 618952 200140 745377 322863 805114 302776 108804 154314 571290 24919 355698 755906 674479 355814 288354 848071 591861 355988 811031 909162 645703 415182 538021 528276 40972 
100
693066 103596 197562 491788 145965 251559 123087 22254 673085 122098 503516 975861 230902 657830 235645 919623 689676 3897 606449 57836 956054 466866 649697 536 954045 247354 646239 381573 461523 186862 98693 830737 954260 960058 334871 776374 223963 134106 798628 897048 256204 978292 561403 163254 648468 797048 759026 350491 477094 377821 84475 445494 520835 410321 122178 163374 657675 768418 221095 131544 631428 319788 638429 598034 292192 973300 62902 516156 119753 537678 101698 52105 528316 339250 879162 189131 148644 650534 215770 301886 704503 964047 423528 237684 386714 545707 77206 720537 326471 298301 528229 957899 618089 179004 244427 910282 164651 971132 114932 948206 
100
521156 880432 676459 61819 232028 244115 250950 56821 894649 142868 358707 287646 119261 782236 525330 182124 340289 278684 902661 342908 576985 443237 976955 207421 298389 897530 793851 463040 881008 908783 99740 414511 801561 452348 476330 709738 696463 403428 766559 603459 222444 137612 567253 17853 595996 104930 199977 612433 59762 778787 955341 636748 898172 620790 844169 208907 530667 650366 348096 100169 247643 123984 514680 725352 576332 667158 447436 285142 746734 226341 564749 969178 40102 144348 987032 636098 913080 863157 260878 972843 654290 892367 621937 564808 525504 154600 449864 732319 481114 797960 832488 404905 921944 35663 142603 510623 702821 266188 471913 461902 
