7567.3582 1808.6252 4973.6764 4988.3063
10622.9927 10946.9927 15950.2135 5681.9927
8630.6752 12854.1366 14647.1521 11287.7751
2534.2497 3100.1916 15453.8454 779.4229
15890.8793 9620.8793 54541.3930 7815.8793
3615.0635 5865.0635 3665.0635 5362.4293
16587.4214 9566.3125 6203.5245 4243.5245
2075.4229 6542.5926 1390.2178 1790.9405
8484.3170 5347.8557 20219.6907 4981.8111
5991.7430 2668.2047 31855.8446 1801.3328
2069.2703 4925.4517 654.6352 7171.5564
3700.7592 5316.1937 2289.2810 2864.3790
10466.2537 12419.2537 8234.2537 7490.2537
12877.2901 10477.2901 22473.7820 11223.6892
5551.6344 8976.5894 4312.6344 3244.5642
3887.0501 3135.0501 10061.6619 2584.6528
8770.8553 1989.9691 1950.7152 1215.8997
5939.7571 1821.6688 2283.6688 5681.1266
13778.7958 6826.1627 32372.6896 5002.1627
6951.0494 10884.7089 6805.0494 10652.1125